ARX_API_EULER_ANGLE_CONVENTION: szyx
chessboard_size:
- 7
- 5
distortion_coefficients:
- - 0.16096631701464403
  - -0.33959162057558095
  - 0.004805492348110645
  - 0.011828175738735385
  - 0.2849265514660207
extrinsics:
- - -0.1922971502447111
  - 0.2801420896272428
  - -0.9405010449898745
  - -0.33477377941259207
- - -0.9713204521103079
  - -0.19091554642599728
  - 0.14173155416169347
  - 0.14520009134016254
- - 0.13985129716949085
  - -0.9407824741948299
  - -0.30882025666699375
  - -0.588858233467461
- - 0.0
  - 0.0
  - 0.0
  - 1.0
intrinsic_matrix:
- - 491.3437410888535
  - 0.0
  - 341.685875926316
- - 0.0
  - 498.76142821009705
  - 248.510347317099
- - 0.0
  - 0.0
  - 1.0
square_size: 0.025
