ARX_API_EULER_ANGLE_CONVENTION: szyx
chessboard_size:
- 7
- 5
distortion_coefficients:
- - 0.12345069598883841
  - -0.22405016887963455
  - 0.005197976074441401
  - 0.002955243315306977
  - 0.07510540410778183
extrinsics:
- - 0.9071315166956142
  - 0.004354262341332432
  - 0.4208247281434119
  - 0.08894117528480491
- - 0.002778756629791387
  - 0.9998627063312022
  - -0.01633545223238199
  - -0.008963632256911908
- - -0.4208380804170486
  - 0.01598777306277807
  - 0.9069948738462564
  - 0.10528227603798433
- - 0.0
  - 0.0
  - 0.0
  - 1.0
intrinsic_matrix:
- - 458.100456431403
  - 0.0
  - 333.7847991993847
- - 0.0
  - 460.63241026749
  - 242.01723091006585
- - 0.0
  - 0.0
  - 1.0
square_size: 0.033
